5,10,6,50
10,40,4,50
8,30,5,100
16,40,7,100
9,100,10,50
6,90,14,100
21,120,16,50
24,70,19,50
37,190,21,50
50,200,25,100
40,180,27,100
34,60,30,100
17,100,34,50
7,120,38,100
5,40,42,100
19,190,46,100
28,200,50,100
31,20,54,100
40,10,58,50
46,50,62,50
24,210,67,50
8,0,70,50
13,0,72,50
11,100,76,50
32,60,80,50
9,0,84,50
10,0,99,50
26,110,120,100
15,90,74,100
52,50,100,100
7,200,86,100
32,180,56,100
56,250,200,100
18,60,69,100
27,150,170,100
9,70,78,100
34,200,46,50
26,160,39,50
5,100,60,50
44,200,78,50
14,270,58,50
7,90,110,50
30,100,84,50
19,220,50,50
20,170,100,50
15,220,83,50
38,140,96,50
10,180,63,100
40,90,79,50
18,250,68,100
28,170,59,100
13,280,90,100
17,110,56,50
7,100,82,100
29,40,74,50
18,120,59,100
36,40,62,50
16,100,90,100
8,70,100,100
28,30,74,100
8,20,80,100
20,100,30,50
30,60,48,50
5,0,70,50
30,160,67,50
17,0,57,100
6,0,90,100
26,100,58,50
30,160,60,50
20,70,75,50
9,0,70,100
6,0,58,100
35,70,80,100
40,0,86,50
16,0,48,50
12,50,50,100
5,0,54,100
31,0,45,100
29,0,76,50
30,30,52,100
6,0,35,100
25,50,64,100
21,60,98,50
45,0,70,100
6,0,57,100
27,200,68,50
18,0,49,50
19,90,40,100
28,140,93,100
12,50,58,100
5,0,59,50
26,180,69,100
16,200,80,50
23,0,89,100
14,30,86,50
6,0,60,100
37,50,58,50
35,0,97,100
29,120,79,50
8,40,69,50
